# QGIS Generated Color Map Export File
INTERPOLATION:INTERPOLATED
0,43,131,186,0
28.00001907348632813,43,131,186,200,28.0000
29.57701827334770783,64,146,182,200,29.5770
30.79859633333810365,86,161,179,200,30.7986
31.86281471049444036,107,176,175,200,31.8628
32.87045961225810231,128,191,171,200,32.8705
33.82084332523660208,150,206,168,200,33.8208
34.7486410825880796,171,221,164,200,34.7486
35.67023132168630895,185,227,169,200,35.6702
36.58896212088944111,199,232,173,200,36.5890
37.51862394348898988,213,238,178,200,37.5186
38.45302736895254014,227,244,182,200,38.4530
39.41103022241098586,241,249,187,200,39.4110
40.40873947542526423,255,255,191,200,40.4087
41.45381046391702284,255,242,175,200,41.4538
42.54551927905207265,254,228,160,200,42.5455
43.68482510003572372,254,215,144,200,43.6848
44.90790527085708561,254,201,128,200,44.9079
46.23099344712307612,253,187,113,200,46.2310
47.6651835317178012,253,174,97,200,47.6652
49.24576608030846359,247,149,86,200,49.2458
51.06102177522567587,240,124,74,200,51.0610
53.21852346923144239,234,100,63,200,53.2185
55.90024374552260156,228,75,51,200,55.9002
59.47577425939959284,221,50,39,200,59.4758
75.0,215,25,28,200,75 (alpha cap; values >75 saturate)
