# QGIS Generated Color Map Export File
INTERPOLATION:INTERPOLATED
0,43,131,186,0
18.00017166137695313,43,131,186,200,18.0002
22.08227642607282348,64,146,182,200,22.0823
24.91113765298762672,86,161,179,200,24.9111
27.08463878306177364,107,176,175,200,27.0846
28.80935919199530559,128,191,171,200,28.8094
30.24837924913186882,150,206,168,200,30.2484
31.47371423581699901,171,221,164,200,31.4737
32.6177310907912883,185,227,169,200,32.6177
33.72848674961021231,199,232,173,200,33.7285
34.8128999150580114,213,238,178,200,34.8129
35.89951023611972403,227,244,182,200,35.8995
37.00512361584223697,241,249,187,200,37.0051
38.13186708785179491,255,255,191,200,38.1319
39.29486362749098305,255,242,175,200,39.2949
40.5219049158762914,254,228,160,200,40.5219
41.81810985810820824,254,215,144,200,41.8181
43.19460447623168875,254,201,128,200,43.1946
44.66595076968791744,253,187,113,200,44.6660
46.29247702187605285,253,174,97,200,46.2925
48.0744403467509045,247,149,86,200,48.0744
50.10517310991218665,240,124,74,200,50.1052
52.51222720694659785,234,100,63,200,52.5122
55.58763734253803079,228,75,51,200,55.5876
59.83429503831879259,221,50,39,200,59.8343
75.0,215,25,28,200,75 (alpha cap; values >75 saturate)
