# z-delta / energy-line height, metres (continuous). Reversed-Spectral: low=blue,
# high=red. Linear 0 -> 270 m (com4FlowPy max_z ceiling). 0 = transparent.
# value,R,G,B,A
0,43,131,186,0
10.8,43,131,186,200
21.6,64,146,182,200
32.4,86,161,179,200
43.2,107,176,175,200
54.0,128,191,171,200
64.8,150,206,168,200
75.6,171,221,164,200
86.4,185,227,169,200
97.2,199,232,173,200
108.0,213,238,178,200
118.8,227,244,182,200
129.6,241,249,187,200
140.4,255,255,191,200
151.2,255,242,175,200
162.0,254,228,160,200
172.8,254,215,144,200
183.6,254,201,128,200
194.4,253,187,113,200
205.2,253,174,97,200
216.0,247,149,86,200
226.8,240,124,74,200
237.6,234,100,63,200
248.4,228,75,51,200
259.2,221,50,39,200
270.0,215,25,28,200
nv,0,0,0,0
